# unix_time, cycles_done, cur_path, paths_total, pending_total, pending_favs, map_size, unique_crashes, unique_hangs, max_depth, execs_per_sec
1709089191, 0, 0, 2, 2, 2, 0.27%, 0, 0, 1, 326.53
1709089196, 0, 0, 47, 47, 2, 0.37%, 9, 0, 2, 1803.37
1709089201, 0, 0, 50, 50, 2, 0.37%, 11, 0, 2, 1800.58
1709089206, 0, 0, 50, 50, 2, 0.37%, 12, 0, 2, 1802.76
1709089211, 0, 0, 56, 56, 2, 0.38%, 12, 0, 2, 1831.26
1709089216, 0, 0, 56, 56, 2, 0.38%, 15, 0, 2, 1608.54
1709089221, 0, 0, 62, 62, 2, 0.39%, 16, 0, 2, 1555.41
1709089227, 0, 1, 68, 67, 32, 0.39%, 20, 0, 2, 1551.04
1709089232, 0, 1, 71, 70, 32, 0.39%, 20, 0, 2, 1354.53
1709089237, 0, 1, 72, 71, 32, 0.39%, 20, 0, 2, 1436.94
1709089247, 0, 1, 74, 73, 32, 0.40%, 20, 0, 2, 1659.24
1709089293, 0, 1, 77, 76, 32, 0.40%, 22, 0, 2, 1488.56
1709089298, 0, 1, 78, 77, 32, 0.40%, 22, 0, 2, 1632.14
1709089318, 0, 1, 78, 77, 32, 0.40%, 23, 0, 2, 1657.06
1709089379, 0, 3, 78, 75, 33, 0.40%, 23, 0, 2, 1735.90
1709089384, 0, 4, 79, 75, 33, 0.40%, 23, 0, 3, 1790.60
1709089389, 0, 9, 79, 74, 32, 0.40%, 23, 0, 3, 1825.37
1709089394, 0, 10, 79, 73, 31, 0.40%, 23, 0, 3, 1853.83
1709089400, 0, 19, 79, 71, 29, 0.40%, 23, 0, 3, 1974.29
1709089405, 0, 20, 79, 70, 28, 0.40%, 23, 0, 3, 2021.93
1709089410, 0, 21, 79, 69, 27, 0.40%, 23, 0, 3, 2043.14
1709089415, 0, 22, 79, 68, 26, 0.40%, 23, 0, 3, 2025.79
1709089420, 0, 24, 79, 67, 25, 0.40%, 24, 0, 3, 2012.66
1709089425, 0, 27, 79, 66, 24, 0.40%, 24, 0, 3, 2013.05
1709089430, 0, 30, 79, 65, 23, 0.40%, 24, 0, 3, 1992.26
1709089446, 0, 36, 79, 63, 21, 0.40%, 24, 0, 3, 1981.09
1709089466, 0, 36, 80, 64, 21, 0.40%, 24, 0, 3, 1710.86
1709089486, 0, 37, 80, 63, 20, 0.40%, 24, 0, 3, 1944.90
1709089496, 0, 43, 83, 65, 19, 0.40%, 24, 0, 3, 1895.86
1709089532, 0, 44, 84, 65, 18, 0.40%, 24, 0, 3, 1805.58
1709089567, 0, 49, 84, 64, 17, 0.40%, 24, 0, 3, 1878.84
1709089578, 0, 50, 84, 63, 16, 0.40%, 25, 0, 3, 1909.81
1709089598, 0, 50, 86, 65, 16, 0.40%, 25, 0, 3, 1839.80
1709089613, 0, 53, 86, 64, 17, 0.40%, 26, 0, 3, 1864.48
1709089649, 0, 54, 86, 63, 16, 0.40%, 26, 0, 3, 1870.65
1709089659, 0, 55, 88, 64, 16, 0.40%, 26, 0, 3, 1926.27
1709089684, 0, 55, 89, 65, 16, 0.40%, 26, 0, 3, 1853.45
1709089700, 0, 56, 89, 64, 15, 0.40%, 26, 0, 3, 1962.17
1709089705, 0, 57, 89, 63, 14, 0.40%, 26, 0, 3, 2004.48
1709089710, 0, 58, 89, 62, 13, 0.40%, 26, 0, 3, 2001.02
1709089720, 0, 59, 90, 62, 13, 0.40%, 26, 0, 3, 1971.54
1709089736, 0, 60, 92, 63, 12, 0.40%, 26, 0, 3, 1971.58
1709089746, 0, 61, 92, 62, 11, 0.40%, 26, 0, 3, 1964.70
1709089756, 0, 61, 93, 63, 11, 0.40%, 26, 0, 3, 1977.42
1709089761, 0, 68, 93, 61, 10, 0.40%, 26, 0, 3, 1785.56
1709089822, 0, 72, 93, 60, 9, 0.40%, 26, 0, 3, 1631.53
1709089828, 0, 72, 94, 61, 9, 0.40%, 26, 0, 3, 1572.53
1709089838, 0, 72, 95, 62, 9, 0.40%, 26, 0, 3, 1524.51
1709089889, 0, 72, 96, 63, 9, 0.40%, 26, 0, 3, 1508.56
1709089894, 0, 72, 97, 64, 9, 0.40%, 26, 0, 3, 1545.46
1709089975, 0, 73, 97, 63, 9, 0.40%, 26, 0, 3, 1684.06
1709090128, 0, 74, 98, 63, 8, 0.40%, 26, 0, 3, 1605.43
1709090133, 0, 74, 99, 64, 8, 0.40%, 26, 0, 3, 1552.34
1709090291, 0, 87, 99, 62, 7, 0.40%, 26, 0, 3, 1759.24
1709090301, 0, 88, 102, 64, 7, 0.40%, 26, 0, 4, 1823.30
1709090306, 0, 88, 103, 65, 7, 0.40%, 26, 0, 4, 1742.74
1709090342, 0, 89, 103, 64, 7, 0.40%, 26, 0, 4, 1731.25
1709090352, 0, 92, 105, 65, 7, 0.41%, 26, 0, 4, 1721.59
1709090367, 0, 95, 107, 66, 7, 0.41%, 26, 0, 4, 1582.88
1709090434, 0, 95, 109, 68, 7, 0.41%, 26, 0, 4, 1606.49
1709090439, 0, 95, 110, 69, 7, 0.41%, 26, 0, 4, 1670.11
1709090520, 0, 97, 110, 68, 8, 0.41%, 26, 0, 4, 1577.46
1709090668, 0, 100, 110, 67, 7, 0.41%, 27, 0, 4, 1906.28
1709090673, 0, 102, 110, 66, 6, 0.41%, 27, 0, 4, 1932.82
1709090709, 0, 103, 110, 65, 5, 0.41%, 27, 0, 4, 1925.44
1709090719, 0, 104, 110, 64, 4, 0.41%, 27, 0, 4, 1992.68
1709090745, 0, 107, 111, 64, 3, 0.41%, 27, 0, 5, 924.81
1709090755, 0, 107, 112, 65, 3, 0.41%, 27, 0, 5, 957.49
1709090918, 0, 108, 112, 64, 2, 0.41%, 27, 0, 5, 1273.47
1709091085, 1, 14, 112, 63, 1, 0.41%, 27, 0, 5, 1559.24
1709091090, 1, 14, 113, 64, 1, 0.41%, 27, 0, 5, 1698.12
1709091125, 1, 15, 113, 63, 1, 0.41%, 27, 0, 5, 1692.93
1709091166, 1, 26, 113, 62, 0, 0.41%, 27, 0, 5, 1933.72
1709091176, 1, 28, 113, 61, 0, 0.41%, 27, 0, 5, 1692.85
1709091181, 1, 31, 113, 60, 0, 0.41%, 27, 0, 5, 1721.42
1709091196, 1, 34, 113, 59, 0, 0.41%, 27, 0, 5, 1781.01
1709091237, 1, 38, 113, 58, 0, 0.41%, 27, 0, 5, 1748.79
1709091277, 1, 42, 113, 57, 0, 0.41%, 27, 0, 5, 1721.40
1709091313, 1, 48, 113, 56, 0, 0.41%, 27, 0, 5, 1724.21
1709091328, 1, 52, 113, 55, 0, 0.41%, 27, 0, 5, 1824.53
1709091363, 1, 58, 113, 54, 0, 0.41%, 27, 0, 5, 1796.56
1709091368, 1, 63, 114, 55, 0, 0.41%, 27, 0, 5, 1869.31
1709091378, 1, 64, 114, 54, 0, 0.41%, 27, 0, 5, 1757.77
1709091398, 1, 75, 114, 53, 0, 0.41%, 27, 0, 5, 1541.56
1709091556, 1, 83, 114, 52, 0, 0.41%, 27, 0, 5, 1531.11
1709091597, 1, 95, 115, 52, 0, 0.41%, 27, 0, 5, 1716.29
1709091602, 1, 98, 116, 53, 0, 0.41%, 27, 0, 5, 1562.60
1709091759, 1, 107, 116, 52, 0, 0.41%, 27, 0, 5, 1603.32
1709091764, 1, 111, 116, 52, 0, 0.41%, 27, 0, 5, 1084.87
